$ANSIBLE_VAULT;1.1;AES256
64393337346665616265373737636162346230626230376161626162653564383866613265626635
3630613732323630313534356537633331316134303365390a396339373538643034336461373239
66303463373231393165376663313036356635633664646164643239366665613632656565383462
3637376131626435310a373635323862613465356239613265656433633566393933633263656463
31646635626235356339316264316566626131396133623937353932666535396637373738396533
64363562633131393666303566666165313133613265376632386162363339663564326661643732
38313464656530636666366363383938333764653134373466376566383561356332636433333338
65383064643262316265613838353633633561353962393231626233363133663030333835316339
36303435386365316231326461653061396664663435626263303364376532613032353737663166
61643235656533376232636235336233333064623662333961386265376266373330663261316266
66656637663735306466343830313737613235663864313036643937666236666133386462373439
33343161613134393039643139306139353537366332326661653835616435316636326564356639
34643566653035353131313062656262643065643734373330333066383764323537633536626637
36626130373862616232643630376532383962623633343339383236653838373032366437653730
63373436353232373336393731386266306365623633323737306331303162643162343831616337
63663638373031306561623731366133373664653831633862633432633338396164323032616561
35343534323362383638303361633966613166333065383537336563363637613332326533363064
39303562356431376563356463663035373838336635363230373439656536356235323539333437
34316262383031303537666135386261303261313534376132393038343262333266363234326664
61643563666630666330616533653937333930366531323639396537633633636337646331643937
62643665623835336533653132353165373039333661366134646564353737666133353730363662
65393538353031386634313939363166343536316666396564326665326431303137316532333434
62656633376237383536323163316365313861373461353931613734356366643139393731343365
62656561333764303264616333656536653764393964666331633062363136336161363234376438
65353833616566323136626666613135343333363465656262323230633936643661636536623436
3965653764636164656465353965373537623139363237373635
